Examples/Karstic_cave/Preprocessing_example/Bouguer_field.grd
DSAA
94 121
403746 403932
5062295 5062535
-17.014890427025 -15.878150906373
[rows 64 to 95 of 121, columns 0 to 71 of 94]
-16.1 -16.1 -16.11 -16.12 -16.13 -16.13 -16.14 -16.15 -16.16 -16.17 -16.18 -16.2 -16.21 -16.22 -16.23 -16.25 -16.26 -16.28 -16.29 -16.31 -16.32 -16.34 -16.36 -16.38 -16.39 -16.41 -16.43 -16.45 -16.47 -16.5 -16.52 -16.54 -16.56 -16.58 -16.61 -16.63 -16.65 -16.68 -16.7 -16.72 -16.74 -16.76 -16.78 -16.8 -16.82 -16.84 -16.86 -16.88 -16.9 -16.92 -16.93 -16.94 -16.94 -16.93 -16.92 -16.9 -16.88 -16.87 -16.85 -16.84 -16.82 -16.8 -16.78 -16.76 -16.74 -16.73 -16.71 -16.69 -16.67 -16.65 -16.64 -16.62
-16.09 -16.1 -16.11 -16.12 -16.12 -16.13 -16.14 -16.15 -16.16 -16.17 -16.18 -16.2 -16.21 -16.22 -16.23 -16.25 -16.26 -16.28 -16.29 -16.31 -16.32 -16.34 -16.36 -16.37 -16.39 -16.41 -16.43 -16.45 -16.47 -16.49 -16.51 -16.54 -16.56 -16.58 -16.6 -16.62 -16.65 -16.67 -16.69 -16.71 -16.73 -16.75 -16.78 -16.8 -16.82 -16.84 -16.86 -16.87 -16.89 -16.91 -16.93 -16.94 -16.94 -16.93 -16.92 -16.9 -16.88 -16.86 -16.85 -16.83 -16.81 -16.79 -16.77 -16.75 -16.73 -16.72 -16.7 -16.68 -16.66 -16.65 -16.63 -16.61
-16.09 -16.1 -16.11 -16.12 -16.12 -16.13 -16.14 -16.15 -16.16 -16.17 -16.18 -16.2 -16.21 -16.22 -16.23 -16.25 -16.26 -16.27 -16.29 -16.3 -16.32 -16.34 -16.35 -16.37 -16.39 -16.41 -16.43 -16.45 -16.47 -16.49 -16.51 -16.53 -16.55 -16.57 -16.6 -16.62 -16.64 -16.66 -16.68 -16.71 -16.73 -16.75 -16.77 -16.79 -16.81 -16.83 -16.85 -16.86 -16.88 -16.91 -16.93 -16.94 -16.94 -16.93 -16.92 -16.9 -16.88 -16.86 -16.84 -16.82 -16.8 -16.78 -16.76 -16.74 -16.72 -16.7 -16.69 -16.67 -16.65 -16.63 -16.62 -16.6
-16.09 -16.1 -16.11 -16.11 -16.12 -16.13 -16.14 -16.15 -16.16 -16.17 -16.18 -16.19 -16.21 -16.22 -16.23 -16.25 -16.26 -16.27 -16.29 -16.3 -16.32 -16.34 -16.35 -16.37 -16.39 -16.41 -16.43 -16.44 -16.46 -16.48 -16.51 -16.53 -16.55 -16.57 -16.59 -16.61 -16.63 -16.66 -16.68 -16.7 -16.72 -16.74 -16.76 -16.78 -16.8 -16.81 -16.83 -16.85 -16.87 -16.89 -16.91 -16.92 -16.92 -16.92 -16.92 -16.89 -16.87 -16.85 -16.83 -16.81 -16.79 -16.77 -16.75 -16.73 -16.71 -16.69 -16.67 -16.66 -16.64 -16.62 -16.61 -16.59
-16.09 -16.1 -16.1 -16.11 -16.12 -16.13 -16.14 -16.15 -16.16 -16.17 -16.18 -16.19 -16.21 -16.22 -16.23 -16.24 -16.26 -16.27 -16.29 -16.3 -16.32 -16.33 -16.35 -16.37 -16.38 -16.4 -16.42 -16.44 -16.46 -16.48 -16.5 -16.52 -16.54 -16.56 -16.58 -16.61 -16.63 -16.65 -16.67 -16.69 -16.71 -16.73 -16.75 -16.77 -16.78 -16.8 -16.82 -16.83 -16.85 -16.87 -16.89 -16.9 -16.9 -16.9 -16.9 -16.88 -16.86 -16.84 -16.82 -16.8 -16.78 -16.76 -16.74 -16.72 -16.7 -16.68 -16.66 -16.64 -16.63 -16.61 -16.6 -16.58
-16.09 -16.1 -16.1 -16.11 -16.12 -16.13 -16.14 -16.15 -16.16 -16.17 -16.18 -16.19 -16.21 -16.22 -16.23 -16.24 -16.26 -16.27 -16.29 -16.3 -16.32 -16.33 -16.35 -16.36 -16.38 -16.4 -16.42 -16.44 -16.45 -16.47 -16.49 -16.51 -16.54 -16.56 -16.58 -16.6 -16.62 -16.64 -16.66 -16.68 -16.7 -16.72 -16.74 -16.76 -16.77 -16.79 -16.8 -16.82 -16.83 -16.85 -16.86 -16.87 -16.88 -16.88 -16.87 -16.86 -16.84 -16.82 -16.8 -16.78 -16.76 -16.74 -16.72 -16.7 -16.68 -16.66 -16.65 -16.63 -16.61 -16.6 -16.58 -16.57
-16.09 -16.1 -16.1 -16.11 -16.12 -16.13 -16.14 -16.15 -16.16 -16.17 -16.18 -16.19 -16.2 -16.22 -16.23 -16.24 -16.26 -16.27 -16.28 -16.3 -16.31 -16.33 -16.34 -16.36 -16.38 -16.39 -16.41 -16.43 -16.45 -16.47 -16.49 -16.51 -16.53 -16.55 -16.57 -16.59 -16.61 -16.63 -16.65 -16.67 -16.69 -16.71 -16.73 -16.74 -16.76 -16.78 -16.79 -16.8 -16.81 -16.83 -16.84 -16.85 -16.85 -16.85 -16.85 -16.84 -16.82 -16.81 -16.79 -16.77 -16.75 -16.73 -16.71 -16.69 -16.67 -16.65 -16.63 -16.61 -16.6 -16.58 -16.57 -16.56
-16.09 -16.1 -16.1 -16.11 -16.12 -16.13 -16.14 -16.15 -16.16 -16.17 -16.18 -16.19 -16.2 -16.21 -16.23 -16.24 -16.25 -16.27 -16.28 -16.3 -16.31 -16.32 -16.34 -16.36 -16.37 -16.39 -16.41 -16.42 -16.44 -16.46 -16.48 -16.5 -16.52 -16.54 -16.56 -16.58 -16.6 -16.62 -16.64 -16.66 -16.68 -16.7 -16.72 -16.73 -16.75 -16.76 -16.78 -16.79 -16.8 -16.81 -16.82 -16.83 -16.83 -16.83 -16.82 -16.81 -16.8 -16.79 -16.77 -16.75 -16.73 -16.71 -16.69 -16.67 -16.65 -16.63 -16.61 -16.6 -16.58 -16.57 -16.56 -16.54
-16.09 -16.1 -16.1 -16.11 -16.12 -16.13 -16.14 -16.15 -16.16 -16.17 -16.18 -16.19 -16.2 -16.21 -16.23 -16.24 -16.25 -16.26 -16.28 -16.29 -16.31 -16.32 -16.34 -16.35 -16.37 -16.38 -16.4 -16.42 -16.44 -16.46 -16.47 -16.49 -16.51 -16.53 -16.55 -16.57 -16.59 -16.61 -16.63 -16.65 -16.67 -16.69 -16.71 -16.72 -16.74 -16.75 -16.76 -16.77 -16.78 -16.79 -16.8 -16.81 -16.81 -16.81 -16.8 -16.79 -16.78 -16.77 -16.75 -16.73 -16.71 -16.7 -16.68 -16.65 -16.63 -16.61 -16.59 -16.58 -16.56 -16.55 -16.54 -16.53
-16.09 -16.09 -16.1 -16.11 -16.12 -16.13 -16.14 -16.15 -16.16 -16.17 -16.18 -16.19 -16.2 -16.21 -16.22 -16.24 -16.25 -16.26 -16.28 -16.29 -16.3 -16.32 -16.33 -16.35 -16.36 -16.38 -16.4 -16.41 -16.43 -16.45 -16.47 -16.49 -16.51 -16.53 -16.55 -16.57 -16.59 -16.61 -16.63 -16.64 -16.66 -16.68 -16.69 -16.71 -16.72 -16.74 -16.75 -16.76 -16.77 -16.78 -16.78 -16.79 -16.79 -16.78 -16.78 -16.77 -16.76 -16.75 -16.73 -16.71 -16.7 -16.68 -16.66 -16.64 -16.61 -16.59 -16.57 -16.56 -16.55 -16.54 -16.53 -16.52
-16.09 -16.09 -16.1 -16.11 -16.12 -16.13 -16.13 -16.14 -16.15 -16.16 -16.18 -16.19 -16.2 -16.21 -16.22 -16.23 -16.25 -16.26 -16.27 -16.29 -16.3 -16.31 -16.33 -16.34 -16.36 -16.37 -16.39 -16.41 -16.42 -16.44 -16.46 -16.48 -16.5 -16.52 -16.54 -16.56 -16.58 -16.6 -16.62 -16.63 -16.65 -16.67 -16.68 -16.7 -16.71 -16.72 -16.73 -16.74 -16.75 -16.76 -16.76 -16.77 -16.77 -16.76 -16.76 -16.75 -16.74 -16.73 -16.71 -16.69 -16.68 -16.66 -16.64 -16.62 -16.59 -16.57 -16.55 -16.54 -16.53 -16.52 -16.51 -16.5
-16.09 -16.09 -16.1 -16.11 -16.12 -16.13 -16.13 -16.14 -16.15 -16.16 -16.17 -16.19 -16.2 -16.21 -16.22 -16.23 -16.24 -16.26 -16.27 -16.28 -16.3 -16.31 -16.32 -16.34 -16.35 -16.37 -16.38 -16.4 -16.41 -16.43 -16.45 -16.47 -16.49 -16.51 -16.53 -16.55 -16.57 -16.59 -16.61 -16.62 -16.64 -16.66 -16.67 -16.69 -16.7 -16.71 -16.72 -16.73 -16.74 -16.74 -16.75 -16.75 -16.75 -16.74 -16.74 -16.73 -16.72 -16.71 -16.69 -16.67 -16.66 -16.64 -16.62 -16.59 -16.57 -16.55 -16.53 -16.51 -16.51 -16.5 -16.5 -16.49
-16.09 -16.09 -16.1 -16.11 -16.12 -16.12 -16.13 -16.14 -16.15 -16.16 -16.17 -16.18 -16.19 -16.21 -16.22 -16.23 -16.24 -16.25 -16.27 -16.28 -16.29 -16.31 -16.32 -16.33 -16.35 -16.36 -16.38 -16.39 -16.41 -16.42 -16.44 -16.46 -16.48 -16.5 -16.52 -16.54 -16.56 -16.58 -16.6 -16.62 -16.63 -16.65 -16.66 -16.68 -16.69 -16.7 -16.71 -16.72 -16.72 -16.73 -16.73 -16.73 -16.73 -16.72 -16.72 -16.71 -16.7 -16.69 -16.67 -16.66 -16.64 -16.62 -16.6 -16.57 -16.55 -16.52 -16.5 -16.49 -16.49 -16.49 -16.48 -16.48
-16.09 -16.09 -16.1 -16.11 -16.12 -16.12 -16.13 -16.14 -16.15 -16.16 -16.17 -16.18 -16.19 -16.2 -16.22 -16.23 -16.24 -16.25 -16.26 -16.28 -16.29 -16.3 -16.32 -16.33 -16.34 -16.36 -16.37 -16.38 -16.4 -16.41 -16.43 -16.45 -16.47 -16.49 -16.51 -16.53 -16.55 -16.57 -16.59 -16.61 -16.62 -16.64 -16.65 -16.66 -16.68 -16.69 -16.69 -16.7 -16.71 -16.71 -16.71 -16.71 -16.71 -16.71 -16.7 -16.69 -16.68 -16.67 -16.65 -16.64 -16.62 -16.6 -16.58 -16.55 -16.53 -16.5 -16.47 -16.47 -16.48 -16.48 -16.48 -16.47
-16.09 -16.09 -16.1 -16.11 -16.11 -16.12 -16.13 -16.14 -16.15 -16.16 -16.17 -16.18 -16.19 -16.2 -16.21 -16.23 -16.24 -16.25 -16.26 -16.27 -16.29 -16.3 -16.31 -16.32 -16.34 -16.35 -16.36 -16.38 -16.39 -16.4 -16.42 -16.44 -16.46 -16.49 -16.51 -16.53 -16.54 -16.56 -16.58 -16.6 -16.61 -16.63 -16.64 -16.65 -16.66 -16.67 -16.68 -16.69 -16.69 -16.7 -16.7 -16.7 -16.69 -16.69 -16.68 -16.67 -16.66 -16.65 -16.64 -16.62 -16.6 -16.58 -16.56 -16.54 -16.52 -16.49 -16.47 -16.47 -16.47 -16.47 -16.47 -16.46
-16.09 -16.09 -16.1 -16.11 -16.11 -16.12 -16.13 -16.14 -16.15 -16.16 -16.17 -16.18 -16.19 -16.2 -16.21 -16.22 -16.23 -16.25 -16.26 -16.27 -16.28 -16.3 -16.31 -16.32 -16.33 -16.34 -16.36 -16.37 -16.38 -16.4 -16.42 -16.44 -16.46 -16.48 -16.5 -16.52 -16.54 -16.56 -16.57 -16.59 -16.6 -16.62 -16.63 -16.64 -16.65 -16.66 -16.67 -16.67 -16.68 -16.68 -16.68 -16.68 -16.68 -16.67 -16.66 -16.65 -16.64 -16.63 -16.62 -16.6 -16.59 -16.57 -16.55 -16.53 -16.51 -16.49 -16.48 -16.47 -16.47 -16.47 -16.47 -16.46
-16.08 -16.09 -16.1 -16.1 -16.11 -16.12 -16.13 -16.14 -16.15 -16.16 -16.17 -16.18 -16.19 -16.2 -16.21 -16.22 -16.23 -16.24 -16.26 -16.27 -16.28 -16.29 -16.3 -16.32 -16.33 -16.34 -16.35 -16.36 -16.38 -16.39 -16.41 -16.43 -16.45 -16.47 -16.49 -16.51 -16.53 -16.55 -16.57 -16.58 -16.6 -16.61 -16.62 -16.63 -16.64 -16.65 -16.65 -16.66 -16.66 -16.66 -16.67 -16.67 -16.66 -16.65 -16.65 -16.64 -16.63 -16.62 -16.6 -16.59 -16.57 -16.56 -16.54 -16.52 -16.51 -16.49 -16.48 -16.48 -16.48 -16.48 -16.47 -16.46
-16.08 -16.09 -16.1 -16.1 -16.11 -16.12 -16.13 -16.14 -16.14 -16.15 -16.16 -16.17 -16.19 -16.2 -16.21 -16.22 -16.23 -16.24 -16.25 -16.27 -16.28 -16.29 -16.3 -16.31 -16.33 -16.34 -16.35 -16.36 -16.38 -16.39 -16.41 -16.43 -16.45 -16.47 -16.49 -16.51 -16.52 -16.54 -16.56 -16.57 -16.59 -16.6 -16.61 -16.62 -16.63 -16.64 -16.64 -16.64 -16.64 -16.65 -16.65 -16.65 -16.64 -16.64 -16.63 -16.62 -16.61 -16.6 -16.59 -16.58 -16.56 -16.55 -16.53 -16.52 -16.5 -16.49 -16.49 -16.48 -16.48 -16.48 -16.47 -16.45
-16.08 -16.09 -16.09 -16.1 -16.11 -16.12 -16.12 -16.13 -16.14 -16.15 -16.16 -16.17 -16.18 -16.19 -16.2 -16.22 -16.23 -16.24 -16.25 -16.26 -16.28 -16.29 -16.3 -16.31 -16.32 -16.34 -16.35 -16.36 -16.37 -16.39 -16.41 -16.42 -16.44 -16.46 -16.48 -16.5 -16.52 -16.54 -16.55 -16.57 -16.58 -16.6 -16.61 -16.61 -16.62 -16.63 -16.63 -16.63 -16.63 -16.63 -16.63 -16.63 -16.62 -16.62 -16.61 -16.6 -16.59 -16.59 -16.57 -16.56 -16.55 -16.54 -16.52 -16.51 -16.5 -16.49 -16.48 -16.48 -16.48 -16.48 -16.46 -16.44
-16.08 -16.09 -16.09 -16.1 -16.11 -16.11 -16.12 -16.13 -16.14 -16.15 -16.16 -16.17 -16.18 -16.19 -16.2 -16.21 -16.23 -16.24 -16.25 -16.26 -16.27 -16.28 -16.3 -16.31 -16.32 -16.33 -16.35 -16.36 -16.37 -16.39 -16.4 -16.42 -16.44 -16.46 -16.48 -16.49 -16.51 -16.53 -16.55 -16.56 -16.58 -16.59 -16.6 -16.61 -16.61 -16.62 -16.62 -16.61 -16.61 -16.61 -16.61 -16.61 -16.6 -16.6 -16.59 -16.59 -16.58 -16.57 -16.56 -16.55 -16.54 -16.53 -16.52 -16.51 -16.49 -16.49 -16.48 -16.47 -16.47 -16.46 -16.45 -16.43
-16.08 -16.09 -16.09 -16.1 -16.11 -16.11 -16.12 -16.13 -16.14 -16.15 -16.16 -16.17 -16.18 -16.19 -16.2 -16.21 -16.22 -16.23 -16.25 -16.26 -16.27 -16.28 -16.29 -16.31 -16.32 -16.33 -16.35 -16.36 -16.37 -16.39 -16.4 -16.42 -16.44 -16.45 -16.47 -16.49 -16.51 -16.52 -16.54 -16.56 -16.57 -16.58 -16.59 -16.6 -16.61 -16.61 -16.61 -16.6 -16.6 -16.59 -16.59 -16.58 -16.58 -16.58 -16.58 -16.57 -16.56 -16.56 -16.55 -16.54 -16.53 -16.52 -16.51 -16.5 -16.49 -16.48 -16.47 -16.46 -16.45 -16.45 -16.43 -16.42
-16.08 -16.09 -16.09 -16.1 -16.1 -16.11 -16.12 -16.13 -16.14 -16.15 -16.16 -16.17 -16.18 -16.19 -16.2 -16.21 -16.22 -16.23 -16.24 -16.26 -16.27 -16.28 -16.29 -16.31 -16.32 -16.33 -16.34 -16.36 -16.37 -16.38 -16.4 -16.41 -16.43 -16.45 -16.46 -16.48 -16.5 -16.52 -16.53 -16.55 -16.57 -16.58 -16.59 -16.6 -16.6 -16.6 -16.6 -16.59 -16.58 -16.58 -16.57 -16.56 -16.56 -16.56 -16.56 -16.56 -16.55 -16.54 -16.54 -16.53 -16.52 -16.51 -16.5 -16.49 -16.48 -16.47 -16.46 -16.45 -16.44 -16.43 -16.42 -16.4
-16.08 -16.08 -16.09 -16.1 -16.1 -16.11 -16.12 -16.13 -16.14 -16.14 -16.15 -16.16 -16.17 -16.18 -16.2 -16.21 -16.22 -16.23 -16.24 -16.25 -16.26 -16.28 -16.29 -16.3 -16.32 -16.33 -16.34 -16.36 -16.37 -16.38 -16.4 -16.41 -16.43 -16.44 -16.46 -16.48 -16.49 -16.51 -16.53 -16.54 -16.56 -16.58 -16.59 -16.6 -16.6 -16.6 -16.59 -16.58 -16.57 -16.56 -16.55 -16.55 -16.55 -16.55 -16.55 -16.54 -16.54 -16.53 -16.52 -16.51 -16.51 -16.5 -16.49 -16.48 -16.47 -16.46 -16.45 -16.44 -16.43 -16.42 -16.4 -16.39
-16.08 -16.08 -16.09 -16.09 -16.1 -16.11 -16.12 -16.12 -16.13 -16.14 -16.15 -16.16 -16.17 -16.18 -16.19 -16.2 -16.22 -16.23 -16.24 -16.25 -16.26 -16.27 -16.29 -16.3 -16.31 -16.33 -16.34 -16.35 -16.37 -16.38 -16.39 -16.41 -16.42 -16.44 -16.45 -16.47 -16.49 -16.5 -16.52 -16.54 -16.56 -16.57 -16.59 -16.6 -16.6 -16.6 -16.59 -16.58 -16.57 -16.55 -16.54 -16.53 -16.54 -16.54 -16.54 -16.53 -16.53 -16.52 -16.51 -16.5 -16.49 -16.49 -16.48 -16.47 -16.46 -16.45 -16.44 -16.42 -16.41 -16.4 -16.39 -16.38
-16.08 -16.08 -16.09 -16.09 -16.1 -16.11 -16.12 -16.12 -16.13 -16.14 -16.15 -16.16 -16.17 -16.18 -16.19 -16.2 -16.21 -16.22 -16.23 -16.25 -16.26 -16.27 -16.28 -16.3 -16.31 -16.32 -16.34 -16.35 -16.36 -16.37 -16.39 -16.4 -16.42 -16.43 -16.45 -16.46 -16.48 -16.5 -16.51 -16.53 -16.55 -16.57 -16.58 -16.6 -16.6 -16.59 -16.58 -16.57 -16.56 -16.55 -16.54 -16.53 -16.53 -16.53 -16.53 -16.52 -16.51 -16.51 -16.5 -16.49 -16.48 -16.47 -16.47 -16.46 -16.45 -16.43 -16.42 -16.41 -16.4 -16.39 -16.38 -16.37
-16.08 -16.08 -16.09 -16.1 -16.1 -16.11 -16.12 -16.12 -16.13 -16.14 -16.15 -16.16 -16.17 -16.18 -16.19 -16.2 -16.21 -16.22 -16.23 -16.24 -16.26 -16.27 -16.28 -16.29 -16.31 -16.32 -16.33 -16.34 -16.36 -16.37 -16.38 -16.4 -16.41 -16.42 -16.44 -16.45 -16.47 -16.49 -16.5 -16.52 -16.54 -16.56 -16.57 -16.59 -16.6 -16.59 -16.57 -16.56 -16.55 -16.54 -16.54 -16.53 -16.53 -16.53 -16.52 -16.51 -16.5 -16.49 -16.48 -16.47 -16.47 -16.46 -16.45 -16.44 -16.43 -16.42 -16.41 -16.4 -16.39 -16.38 -16.37 -16.35
-16.08 -16.08 -16.09 -16.1 -16.1 -16.11 -16.12 -16.12 -16.13 -16.14 -16.15 -16.16 -16.17 -16.18 -16.19 -16.2 -16.21 -16.22 -16.23 -16.24 -16.25 -16.26 -16.28 -16.29 -16.3 -16.32 -16.33 -16.34 -16.35 -16.37 -16.38 -16.39 -16.4 -16.42 -16.43 -16.44 -16.46 -16.48 -16.49 -16.51 -16.53 -16.55 -16.56 -16.57 -16.58 -16.57 -16.56 -16.55 -16.54 -16.53 -16.53 -16.53 -16.53 -16.52 -16.51 -16.5 -16.49 -16.48 -16.47 -16.46 -16.45 -16.44 -16.43 -16.42 -16.41 -16.4 -16.39 -16.38 -16.37 -16.36 -16.35 -16.34
-16.08 -16.09 -16.09 -16.1 -16.1 -16.11 -16.12 -16.12 -16.13 -16.14 -16.15 -16.16 -16.16 -16.17 -16.18 -16.19 -16.2 -16.21 -16.22 -16.24 -16.25 -16.26 -16.27 -16.29 -16.3 -16.31 -16.32 -16.34 -16.35 -16.36 -16.37 -16.38 -16.4 -16.41 -16.42 -16.43 -16.45 -16.47 -16.48 -16.5 -16.52 -16.53 -16.55 -16.55 -16.56 -16.55 -16.55 -16.54 -16.53 -16.52 -16.52 -16.52 -16.51 -16.5 -16.5 -16.48 -16.47 -16.46 -16.45 -16.44 -16.43 -16.42 -16.42 -16.41 -16.4 -16.39 -16.38 -16.37 -16.36 -16.35 -16.34 -16.33
-16.08 -16.09 -16.09 -16.1 -16.1 -16.11 -16.12 -16.12 -16.13 -16.14 -16.15 -16.15 -16.16 -16.17 -16.18 -16.19 -16.2 -16.21 -16.22 -16.23 -16.24 -16.26 -16.27 -16.28 -16.29 -16.31 -16.32 -16.33 -16.34 -16.36 -16.37 -16.38 -16.39 -16.4 -16.41 -16.42 -16.44 -16.46 -16.47 -16.49 -16.5 -16.52 -16.53 -16.54 -16.54 -16.53 -16.53 -16.52 -16.51 -16.51 -16.51 -16.5 -16.5 -16.49 -16.48 -16.47 -16.46 -16.45 -16.44 -16.43 -16.42 -16.41 -16.4 -16.39 -16.38 -16.37 -16.36 -16.35 -16.34 -16.33 -16.33 -16.32
-16.08 -16.09 -16.09 -16.1 -16.1 -16.11 -16.12 -16.12 -16.13 -16.14 -16.14 -16.15 -16.16 -16.17 -16.18 -16.19 -16.2 -16.21 -16.22 -16.23 -16.24 -16.25 -16.26 -16.28 -16.29 -16.3 -16.32 -16.33 -16.34 -16.35 -16.36 -16.37 -16.38 -16.39 -16.4 -16.42 -16.43 -16.44 -16.46 -16.48 -16.49 -16.5 -16.51 -16.52 -16.52 -16.52 -16.51 -16.5 -16.5 -16.5 -16.49 -16.49 -16.48 -16.47 -16.46 -16.45 -16.44 -16.43 -16.42 -16.41 -16.4 -16.39 -16.38 -16.37 -16.36 -16.35 -16.34 -16.33 -16.33 -16.32 -16.31 -16.31
-16.08 -16.09 -16.09 -16.1 -16.1 -16.11 -16.12 -16.12 -16.13 -16.14 -16.14 -16.15 -16.16 -16.17 -16.18 -16.18 -16.19 -16.2 -16.21 -16.22 -16.23 -16.25 -16.26 -16.27 -16.29 -16.3 -16.31 -16.33 -16.34 -16.35 -16.36 -16.37 -16.38 -16.38 -16.39 -16.4 -16.42 -16.43 -16.45 -16.46 -16.48 -16.49 -16.5 -16.5 -16.51 -16.5 -16.5 -16.49 -16.49 -16.48 -16.48 -16.47 -16.47 -16.46 -16.45 -16.44 -16.43 -16.41 -16.4 -16.39 -16.38 -16.37 -16.36 -16.35 -16.34 -16.33 -16.32 -16.32 -16.31 -16.3 -16.3 -16.29
-16.08 -16.09 -16.09 -16.1 -16.1 -16.11 -16.12 -16.12 -16.13 -16.14 -16.14 -16.15 -16.16 -16.17 -16.17 -16.18 -16.19 -16.2 -16.21 -16.22 -16.23 -16.24 -16.25 -16.27 -16.28 -16.3 -16.31 -16.32 -16.33 -16.34 -16.35 -16.36 -16.37 -16.38 -16.39 -16.39 -16.41 -16.42 -16.44 -16.45 -16.47 -16.48 -16.49 -16.49 -16.49 -16.49 -16.49 -16.48 -16.48 -16.47 -16.47 -16.46 -16.45 -16.44 -16.43 -16.42 -16.41 -16.4 -16.38 -16.37 -16.36 -16.35 -16.34 -16.33 -16.32 -16.31 -16.31 -16.3 -16.29 -16.28 -16.28 -16.27
